<?xml version="1.0"?>
<opencv_storage>
<classifications type_id="opencv-matrix">
  <rows>145</rows>
  <cols>1</cols>
  <dt>i</dt>
  <data>
    49 73 57 56 55 54 53 52 51 50 49 48 81 90 85 84 83 82 80 79 78 77 76
    74 73 72 71 70 69 68 67 66 65 89 88 87 86 75 57 56 55 53 52 51 50 49
    48 54 81 90 84 83 82 80 79 71 70 69 68 67 66 65 89 88 87 86 85 78 77
    76 75 74 73 72 57 56 55 53 52 51 50 49 48 54 81 90 85 84 83 82 80 79
    78 77 76 74 73 72 71 70 69 68 67 66 65 89 88 87 86 75 57 56 55 53 51
    50 48 54 52 49 81 90 84 83 82 80 79 71 70 69 68 67 66 89 88 87 86 85
    78 77 76 75 74 72 65</data></classifications>
</opencv_storage>
